[IMU];
K_a00=1.004428758479225;
K_a01=0.0;
K_a02=0.0;
K_a10=0.0;
K_a11=1.001813111433144;
K_a12=0.0;
K_a20=0.0;
K_a21=0.0;
K_a22=1.002381895632301;
R_a00=0.99881930556312;
R_a01=-0.010187304384473002;
R_a02=0.047499617511966005;
R_a10=0.008045577224281;
R_a11=0.999967472861447;
R_a12=-0.000567367798029;
R_a20=-0.026556380572975002;
R_a21=0.00107450384054;
R_a22=0.999646739649742;
b_a0=0.017006182406243003;
b_a1=0.007157402857731;
b_a2=0.05831141148617101;
K_g00=0.8842778168897131;
K_g01=0.0;
K_g02=0.0;
K_g10=0.0;
K_g11=0.882192062572632;
K_g12=0.0;
K_g20=0.0;
K_g21=0.0;
K_g22=0.8818882868483381;
R_g00=0.999550569725084;
R_g01=-0.015612025039131;
R_g02=0.025591468039886003;
R_g10=0.007838748529395001;
R_g11=0.999969069143344;
R_g12=-0.000644032675086;
R_g20=-0.029446365527338002;
R_g21=-0.0015233032332980002;
R_g22=0.9995652010271711;
K_ga00=0.000299056202633;
K_ga01=7.371801669725209e-05;
K_ga02=0.00012696035571200002;
K_ga10=0.000304218211024;
K_ga11=0.00034402145119800004;
K_ga12=0.00024982497469400004;
K_ga20=-0.0005808771845110001;
K_ga21=0.00030306661018300005;
K_ga22=0.000315352956959;
b_g0=-2.375128687993866;
b_g1=-0.670779809225252;
b_g2=-0.6595232692366091;
