[IMU];
K_a00=1.00430526897883;
K_a01=0.0;
K_a02=0.0;
K_a10=0.0;
K_a11=1.001807606479812;
K_a12=0.0;
K_a20=0.0;
K_a21=0.0;
K_a22=1.002409397262462;
R_a00=0.9988188030714541;
R_a01=-0.01005937747128;
R_a02=0.04753743320582501;
R_a10=0.00799832716906;
R_a11=0.999967838926567;
R_a12=-0.000589809313524;
R_a20=-0.026529329391755;
R_a21=0.001029624506896;
R_a22=0.9996475051513901;
b_a0=0.018573964458266;
b_a1=0.006602956157483001;
b_a2=0.05753014568128;
K_g00=0.8849621433450781;
K_g01=0.0;
K_g02=0.0;
K_g10=0.0;
K_g11=0.8843353876151491;
K_g12=0.0;
K_g20=0.0;
K_g21=0.0;
K_g22=0.8820023476465011;
R_g00=0.9995556445775571;
R_g01=-0.015061055836397;
R_g02=0.025723102266951;
R_g10=0.007869180658282;
R_g11=0.9999688408825751;
R_g12=-0.000627104238032;
R_g20=-0.029450488639072004;
R_g21=-0.0014978023192040002;
R_g22=0.9995651180924291;
K_ga00=0.00044231334465000006;
K_ga01=0.00035221199728600004;
K_ga02=-0.000147437056705;
K_ga10=6.962355910417442e-05;
K_ga11=0.000368594496513;
K_ga12=0.00047917280069700006;
K_ga20=-0.00045459972340400004;
K_ga21=0.000282588981815;
K_ga22=0.000458695012437;
b_g0=-2.371501274694476;
b_g1=-0.6734967263121351;
b_g2=-0.660184814950876;
