[IMU];
K_a00=1.004278268387571;
K_a01=0.0;
K_a02=0.0;
K_a10=0.0;
K_a11=1.001805416123294;
K_a12=0.0;
K_a20=0.0;
K_a21=0.0;
K_a22=1.002371041310052;
R_a00=0.998822634165726;
R_a01=-0.010024474329215001;
R_a02=0.047464253840775;
R_a10=0.008048350338241;
R_a11=0.999967460871463;
R_a12=-0.0005488671156850001;
R_a20=-0.026520733491717;
R_a21=0.001055293374425;
R_a22=0.999647706470112;
b_a0=0.018296741108142;
b_a1=0.006980987998562001;
b_a2=0.057400262866437006;
K_g00=0.8848834032589601;
K_g01=0.0;
K_g02=0.0;
K_g10=0.0;
K_g11=0.8818820818459271;
K_g12=0.0;
K_g20=0.0;
K_g21=0.0;
K_g22=0.8820281570422871;
R_g00=0.999557534606576;
R_g01=-0.015346990204944;
R_g02=0.025479499658982004;
R_g10=0.007673433841919001;
R_g11=0.999970353149317;
R_g12=-0.0006412764635220001;
R_g20=-0.029395044350383003;
R_g21=-0.001493033536489;
R_g22=0.9995667572596121;
K_ga00=0.00019248753851600002;
K_ga01=1.2285867098843992e-05;
K_ga02=-0.000101577136206;
K_ga10=-0.000466886166115;
K_ga11=0.000352212413006;
K_ga12=0.00033403864754200004;
K_ga20=-0.000810907361486;
K_ga21=0.00022934769808900002;
K_ga22=0.00045413031364200003;
b_g0=-2.375636695771626;
b_g1=-0.672611333338475;
b_g2=-0.6518763125255931;
