[IMU];
K_a00=1.004322905035728;
K_a01=0.0;
K_a02=0.0;
K_a10=0.0;
K_a11=1.001771624760192;
K_a12=0.0;
K_a20=0.0;
K_a21=0.0;
K_a22=1.002405259055979;
R_a00=0.9988191694285571;
R_a01=-0.010087338451834;
R_a02=0.047523808612150005;
R_a10=0.007996691093344001;
R_a11=0.999967853131666;
R_a12=-0.000587907138025;
R_a20=-0.026492918165952003;
R_a21=0.001069993792767;
R_a22=0.999648428398872;
b_a0=0.01900240054482;
b_a1=0.00665336040296;
b_a2=0.05781366956208701;
K_g00=0.885119335036033;
K_g01=0.0;
K_g02=0.0;
K_g10=0.0;
K_g11=0.8823570498584141;
K_g12=0.0;
K_g20=0.0;
K_g21=0.0;
K_g22=0.882236420915893;
R_g00=0.999554056546996;
R_g01=-0.015428341357256;
R_g02=0.025566664299603;
R_g10=0.0074419791388240005;
R_g11=0.999972086101602;
R_g12=-0.0006663063162590001;
R_g20=-0.029425521395796003;
R_g21=-0.001425592244445;
R_g22=0.999565958992871;
K_ga00=0.000565178283416;
K_ga01=0.00047917273674000005;
K_ga02=-0.000315353500592;
K_ga10=-0.0005528915209200001;
K_ga11=0.00020477458881800002;
K_ga12=0.00049145898758;
K_ga20=-0.0006388969077040001;
K_ga21=0.000344021387241;
K_ga22=0.000565177899674;
b_g0=-2.370322760364465;
b_g1=-0.6727869348567821;
b_g2=-0.6501138333688701;
