[IMU];
K_a00=1.004304143201301;
K_a01=0.0;
K_a02=0.0;
K_a10=0.0;
K_a11=1.001748719166725;
K_a12=0.0;
K_a20=0.0;
K_a21=0.0;
K_a22=1.002491912229888;
R_a00=0.9988199227001751;
R_a01=-0.010065783781536001;
R_a02=0.047512545859785;
R_a10=0.008025083872273001;
R_a11=0.9999676371529541;
R_a12=-0.000568045403118;
R_a20=-0.026489346858031;
R_a21=0.001082073834696;
R_a22=0.999648510037028;
b_a0=0.018775581440174;
b_a1=0.007081796489513001;
b_a2=0.058021587074679006;
K_g00=0.8814320152678621;
K_g01=0.0;
K_g02=0.0;
K_g10=0.0;
K_g11=0.8848324818218011;
K_g12=0.0;
K_g20=0.0;
K_g21=0.0;
K_g22=0.8821097447696921;
R_g00=0.9995457073911631;
R_g01=-0.015213808527456001;
R_g02=0.026017664499101003;
R_g10=0.008244770380187;
R_g11=0.9999657278092121;
R_g12=-0.000752973021077;
R_g20=-0.029228200105188003;
R_g21=-0.001463643116091;
R_g22=0.9995716933104091;
K_ga00=0.0006880428384400001;
K_ga01=-1.6382435270040104e-05;
K_ga02=-0.000466886357986;
K_ga10=-0.00018429728023500001;
K_ga11=0.00021296558260300001;
K_ga12=0.000307162123065;
K_ga20=-0.00048736360261200006;
K_ga21=0.00031944827797;
K_ga22=0.00018839285707400002;
b_g0=-2.366787209008869;
b_g1=-0.674782383128216;
b_g2=-0.660385698393771;
